15
1.00 0.00 0.00 0.00 0.00 0.00 0.00 0.00 0.00 0.00 0.00 0.00 0.00 0.00 0.00
0.00 1.00 0.00 0.00 0.00 0.00 0.00 0.00 0.00 0.00 0.00 0.00 0.00 0.00 0.00
0.00 0.00 1.00 -0.00 -0.00 -0.00 -0.00 -0.00 -0.00 -0.00 -0.00 -0.00 -0.00 -0.00 -0.00
-0.00 -0.00 0.00 1.00 0.00 0.00 0.00 0.00 0.00 0.00 0.00 0.00 0.00 0.00 0.00
0.00 0.00 0.00 -0.00 1.00 -0.00 -0.00 -0.00 -0.00 -0.00 -0.00 -0.00 -0.00 -0.00 -0.00
-0.00 0.00 -0.00 -0.00 -0.00 1.00 -0.00 -0.00 -0.00 -0.00 -0.00 -0.00 -0.00 -0.00 -0.00
0.00 0.00 -0.00 0.00 0.00 0.00 1.00 0.00 0.00 0.00 0.00 0.00 0.00 0.00 0.00
0.00 0.00 0.00 0.00 0.00 0.00 -0.00 1.00 0.00 0.00 0.00 0.00 0.00 0.00 0.00
-0.00 -0.00 -0.00 -0.00 -0.00 -0.00 0.00 -0.00 1.00 -0.00 -0.00 -0.00 -0.00 -0.00 -0.00
-0.00 0.00 0.00 -0.00 0.00 -0.00 -0.00 -0.00 -0.00 1.00 -0.00 -0.00 -0.00 -0.00 -0.00
0.00 0.00 0.00 0.00 0.00 0.00 0.00 0.00 0.00 -0.00 1.00 0.00 0.00 0.00 0.00
0.00 -0.00 -0.00 0.00 -0.00 0.00 -0.00 0.00 0.00 0.00 0.00 1.00 0.00 0.00 0.00
0.00 0.00 -0.00 0.00 0.00 0.00 -0.00 0.00 0.00 0.00 0.00 -0.00 1.00 0.00 0.00
-0.00 -0.00 0.00 -0.00 -0.00 -0.00 -0.00 -0.00 -0.00 -0.00 -0.00 0.00 -0.00 1.00 -0.00
0.00 0.00 0.00 0.00 0.00 0.00 0.00 0.00 0.00 0.00 0.00 0.00 0.00 0.00 1.00
-0.5535598625142926 -0.05067651114070646 -0.34731652372399197 -1.6542570703056705 1.25511439624427 -0.38145155231443695 -0.9539278207715068 -0.3477037633561338 -0.14874588242949258 0.6463610027084796 1.1471447557030476 -0.06697242621465085 0.6037270621243761 0.8729251917018003 0.6301394487164572
